# Ethanol bg-subtracted — Bin0
394.5000
356.5000
430.5000
379.0000
388.0000
415.0000
396.5000
412.5000
412.0000
485.0000
480.5000
464.0000
500.0000
539.0000
557.0000
444.5000
444.5000
459.0000
491.5000
512.0000
532.5000
541.0000
621.0000
592.0000
584.0000
657.0000
664.0000
630.5000
640.0000
667.0000
624.0000
635.5000
616.0000
599.0000
555.5000
512.5000
479.0000
524.0000
569.0000
546.0000
458.5000
500.0000
435.0000
483.5000
459.5000
468.5000
454.5000
491.5000
490.0000
473.0000
470.0000
513.0000
395.5000
470.0000
480.0000
437.0000
459.0000
439.0000
475.0000
511.5000
469.5000
462.0000
438.5000
452.5000
479.5000
476.0000
444.0000
423.0000
481.0000
408.5000
429.0000
478.0000
437.0000
458.5000
431.5000
440.0000
466.5000
417.0000
433.0000
425.0000
439.5000
401.0000
463.5000
400.0000
371.0000
421.0000
346.5000
346.0000
380.5000
377.5000
403.0000
287.0000
345.0000
351.0000
359.0000
382.0000
322.5000
330.5000
340.0000
392.5000
370.0000
391.0000
375.5000
357.0000
352.5000
383.0000
303.5000
344.5000
337.5000
370.5000
341.5000
252.0000
265.5000
270.5000
218.0000
130.0000
84.0000
64.0000
17.0000
87.5000
43.5000
62.5000
107.5000
63.0000
70.5000
68.0000
21.5000
93.5000
75.5000
119.5000
97.0000
94.0000
87.0000
67.5000
42.5000
124.0000
62.0000
46.5000
101.0000
88.5000
40.5000
56.0000
111.0000
54.5000
45.5000
42.0000
66.5000
57.0000
32.0000
47.0000
66.5000
31.5000
45.0000
47.5000
62.0000
68.5000
60.5000
47.5000
90.5000
78.5000
36.0000
83.5000
83.0000
36.0000
28.5000
32.0000
35.5000
45.5000
42.5000
97.0000
61.0000
68.5000
67.5000
44.0000
43.0000
48.5000
31.0000
72.5000
77.5000
38.5000
48.0000
33.5000
67.5000
79.0000
66.0000
47.0000
53.5000
98.5000
90.5000
41.0000
42.5000
65.5000
53.5000
50.5000
59.0000
118.5000
50.0000
66.0000
74.0000
22.5000
22.5000
66.5000
71.0000
82.0000
68.5000
51.5000
15.5000
85.5000
69.0000
81.5000
42.0000
38.5000
52.0000
45.0000
-11.5000
74.5000
45.5000
25.5000
46.5000
16.0000
51.0000
28.0000
57.5000
68.5000
-19.0000
59.0000
100.5000
37.0000
20.0000
55.5000
69.5000
60.0000
63.5000
35.0000
24.0000
109.5000
54.5000
52.5000
38.0000
69.0000
40.5000
69.0000
34.5000
66.0000
41.0000
20.5000
53.0000
68.0000
30.0000
109.5000
33.5000
45.0000
62.0000
50.5000
88.5000
75.0000
53.0000
4.5000
40.5000
22.5000
83.0000
20.0000
48.5000
86.0000
38.5000
66.5000
42.5000
47.0000
77.5000
67.0000
29.5000
87.5000
64.5000
17.0000
64.0000
52.0000
79.0000
67.5000
51.0000
42.5000
110.5000
116.0000
72.5000
88.5000
38.0000
91.5000
129.5000
131.0000
134.5000
98.0000
96.5000
116.0000
154.5000
152.0000
142.5000
193.0000
172.0000
149.0000
158.5000
121.5000
205.5000
163.0000
192.5000
208.5000
250.0000
257.0000
156.0000
232.5000
242.0000
230.0000
215.0000
247.0000
242.5000
282.0000
268.0000
248.5000
231.5000
340.0000
265.5000
338.5000
346.5000
264.5000
285.0000
328.0000
313.5000
270.0000
328.5000
321.0000
363.5000
366.5000
325.0000
405.0000
342.0000
385.5000
369.0000
344.0000
382.5000
384.0000
366.0000
382.0000
363.0000
406.5000
409.5000
479.5000
421.5000
411.0000
480.5000
477.5000
486.5000
488.0000
421.5000
475.0000
430.5000
458.0000
489.5000
502.0000
485.0000
512.5000
508.5000
526.0000
493.5000
512.0000
535.5000
479.5000
522.5000
500.5000
492.5000
534.0000
582.0000
528.0000
588.5000
604.5000
599.0000
532.0000
575.5000
602.0000
606.5000
548.0000
603.5000
607.0000
607.5000
513.5000
695.5000
604.5000
633.0000
621.5000
664.0000
602.5000
630.0000
722.5000
637.0000
737.5000
707.5000
740.0000
718.0000
742.5000
747.5000
810.0000
729.0000
743.5000
831.0000
949.0000
867.0000
988.5000
1022.5000
1068.0000
1167.5000
1179.0000
1194.0000
1291.5000
1251.0000
1325.0000
1281.5000
1361.0000
1365.5000
1438.5000
1336.0000
1228.5000
1448.0000
1372.0000
1357.5000
1354.0000
1407.0000
1408.5000
1480.0000
1347.0000
1489.0000
1469.5000
1471.5000
1463.0000
1453.0000
1440.5000
1430.5000
1390.0000
1399.5000
1396.0000
1478.0000
1474.0000
1375.0000
1482.5000
1314.0000
1448.5000
1435.5000
1372.0000
1410.5000
1466.5000
1437.0000
1434.0000
1413.0000
1403.5000
1463.0000
1387.5000
1543.5000
1427.5000
1446.5000
1481.0000
1359.5000
1452.5000
1388.0000
1419.5000
1352.5000
1427.0000
1434.5000
1435.0000
1454.0000
1366.5000
1394.5000
1553.5000
1364.5000
1431.5000
1459.0000
1285.0000
1447.5000
1365.5000
1308.0000
1379.0000
1329.5000
1450.0000
1456.0000
1380.0000
1484.5000
1478.5000
1462.5000
1481.0000
1536.5000
1536.5000
1509.0000
1466.0000
1503.5000
1548.0000
1590.0000
1509.0000
1579.0000
1678.5000
1567.0000
1576.5000
1659.0000
1628.0000
1556.0000
1645.0000
1747.5000
1572.0000
1594.0000
1700.0000
1624.5000
1679.0000
1598.0000
1751.0000
1617.0000
1712.0000
1783.5000
1734.5000
1715.0000
1705.5000
1793.0000
1785.5000
1733.0000
1732.0000
1763.5000
1743.5000
1803.5000
1645.5000
1746.5000
1749.5000
1667.5000
1722.5000
1605.5000
1578.0000
1640.0000
1568.5000
1498.5000
1549.5000
1512.5000
1440.5000
1476.5000
1477.5000
1494.0000
1433.5000
1502.5000
1442.0000
1517.0000
1567.0000
1524.5000
1439.5000
1370.0000
1518.0000
1512.5000
1517.5000
1548.0000
1497.5000
1533.0000
1401.5000
1490.5000
1469.0000
1448.0000
1463.5000
1489.0000
1400.0000
1441.5000
1486.0000
1536.5000
1472.0000
1429.0000
1505.0000
1491.0000
1408.5000
1439.0000
1416.5000
1416.5000
1444.5000
1380.5000
1383.5000
1390.0000
1435.0000
1370.5000
1356.0000
1317.0000
1380.5000
1306.0000
1304.0000
1329.5000
1286.0000
1342.0000
1334.5000
1318.5000
1296.5000
1309.5000
1242.5000
1326.5000
1238.0000
1260.0000
1275.0000
1331.5000
1252.5000
1148.0000
1204.0000
1229.0000
1235.5000
1226.5000
1228.0000
1188.5000
1261.0000
1094.5000
1237.5000
1265.5000
1224.0000
1203.0000
1203.0000
1191.0000
1253.5000
1122.0000
1168.5000
1163.5000
1108.0000
1065.0000
1125.0000
1133.0000
1094.5000
1042.5000
1117.5000
1056.0000
965.0000
1096.0000
1045.0000
1052.0000
1035.5000
1006.5000
1018.0000
910.5000
1042.5000
978.5000
975.0000
901.0000
907.5000
909.0000
911.0000
902.5000
871.0000
900.5000
842.0000
862.5000
840.0000
907.5000
792.0000
790.0000
806.5000
825.5000
842.5000
847.5000
837.0000
847.5000
891.5000
878.5000
813.5000
877.0000
898.5000
837.0000
838.0000
864.0000
836.5000
828.0000
790.0000
880.5000
861.0000
877.0000
847.5000
833.0000
936.0000
920.0000
861.5000
849.5000
893.0000
882.5000
949.0000
883.5000
918.5000
994.0000
921.0000
954.5000
956.5000
956.5000
913.5000
905.5000
956.5000
1009.0000
1000.0000
921.5000
1011.5000
992.5000
1043.0000
1065.5000
1114.0000
1157.0000
1260.0000
1189.5000
1235.5000
1316.5000
1369.0000
1385.5000
1302.5000
1424.0000
1404.5000
1391.5000
1407.5000
1418.5000
1439.5000
1558.0000
1467.5000
1463.0000
1562.5000
1532.0000
1525.0000
1537.5000
1529.0000
1507.0000
1552.5000
1603.0000
1575.5000
1614.0000
1549.0000
1478.0000
1563.0000
1653.0000
1580.5000
1546.5000
1514.0000
1548.0000
1537.5000
1484.5000
1517.0000
1514.0000
1600.5000
1568.5000
1551.0000
1515.5000
1473.5000
1565.5000
1514.5000
1468.5000
1592.5000
1517.5000
1458.5000
1489.0000
1520.5000
1601.5000
1574.0000
1480.0000
1497.0000
1520.0000
1577.5000
1456.0000
1451.5000
1524.5000
1491.0000
1416.0000
1532.0000
1497.5000
1431.0000
1402.0000
1490.5000
1495.0000
1483.5000
1452.0000
1483.5000
1470.5000
1394.0000
1461.5000
1385.5000
1345.5000
1494.0000
1422.0000
1356.5000
1367.5000
1364.0000
1371.0000
1340.0000
1362.0000
1365.5000
1287.0000
1294.0000
1363.5000
1304.0000
1212.5000
1262.0000
1256.5000
1264.0000
1168.0000
1225.0000
1269.5000
1212.5000
1164.5000
1174.0000
1053.5000
1083.0000
1261.5000
1134.0000
1129.5000
1106.0000
1060.5000
1116.5000
979.5000
1007.5000
984.5000
1037.5000
1039.0000
976.5000
995.5000
946.0000
858.0000
929.0000
905.0000
882.5000
881.0000
905.0000
847.5000
819.0000
825.0000
694.0000
847.5000
779.5000
725.5000
657.5000
631.5000
639.0000
665.0000
594.5000
568.5000
546.0000
521.5000
498.5000
518.5000
601.0000
590.5000
461.5000
493.0000
524.0000
431.5000
504.0000
453.5000
432.0000
399.5000
448.0000
447.0000
444.5000
439.0000
413.0000
392.5000
421.0000
379.5000
413.5000
368.5000
363.0000
307.0000
346.0000
395.0000
348.0000
399.0000
399.5000
406.0000
348.5000
419.5000
389.0000
332.0000
359.0000
340.5000
375.0000
327.5000
336.0000
323.5000
339.0000
365.0000
310.5000
339.5000
339.0000
336.5000
348.5000
296.0000
369.5000
332.5000
364.5000
313.5000
320.5000
271.5000
319.0000
317.0000
315.5000
331.0000
346.5000
247.0000
283.0000
305.5000
267.5000
310.0000
271.5000
279.5000
264.0000
301.0000
327.0000
231.0000
277.0000
305.5000
243.0000
332.0000
244.0000
255.0000
254.5000
255.0000
191.5000
265.5000
241.0000
253.0000
263.5000
276.0000
234.5000
251.5000
212.5000
289.0000
263.5000
314.5000
258.0000
250.5000
278.0000
260.0000
339.5000
211.5000
313.0000
231.5000
223.0000
220.5000
244.5000
218.0000
220.0000
243.0000
300.5000
278.5000
254.5000
232.0000
216.0000
277.5000
246.5000
260.0000
242.0000
286.5000
269.5000
228.0000
238.5000
275.5000
240.0000
264.5000
248.0000
225.5000
234.0000
269.0000
272.0000
219.0000
196.0000
246.5000
220.5000
287.0000
241.0000
292.0000
235.5000
236.5000
162.0000
197.5000
227.5000
229.0000
295.5000
231.5000
317.0000
225.0000
198.0000
201.5000
226.5000
187.0000
207.5000
197.5000
202.0000
226.0000
277.0000
284.5000
256.5000
239.0000
241.5000
161.5000
209.5000
206.5000
177.5000
226.5000
252.5000
227.0000
273.5000
252.5000
260.0000
251.5000
243.0000
226.5000
263.5000
261.5000
229.0000
244.0000
237.0000
244.0000
184.5000
216.0000
243.0000
241.5000
265.5000
239.5000
264.5000
259.0000
252.5000
263.0000
217.5000
200.0000
174.0000
205.5000
150.0000
249.0000
184.5000
183.5000
199.0000
190.5000
209.0000
230.0000
190.5000
262.5000
226.0000
203.0000
224.5000
219.5000
206.5000
154.0000
224.5000
271.0000
214.0000
251.5000
278.0000
203.0000
228.5000
285.5000
188.5000
238.0000
251.5000
208.0000
260.0000
261.5000
169.5000
163.5000
245.5000
227.5000
175.0000
244.5000
262.5000
246.0000
189.5000
215.0000
228.0000
254.0000
226.5000
246.0000
203.0000
238.0000
225.5000
192.5000
233.0000
244.5000
194.5000
207.0000
217.5000
251.5000
220.0000
207.0000
280.0000
225.5000
227.5000
219.5000
205.0000
195.0000
205.5000
256.0000
137.0000
204.0000
247.0000
217.5000
192.5000
213.5000
245.0000
233.5000
208.5000
225.5000
244.5000
212.5000
207.0000
255.5000
256.5000
246.5000
225.0000
267.0000
194.5000
184.5000
230.5000
266.0000
220.0000
246.5000
207.5000
236.0000
253.0000
223.5000
219.0000
159.0000
248.5000
235.0000
208.5000
261.5000
226.5000
252.0000
264.0000
228.5000
257.5000
187.5000
213.5000
234.5000
196.0000
228.5000
195.5000
264.5000
163.5000
226.5000
219.0000
270.5000
238.0000
260.5000
266.5000
261.5000
195.0000
241.5000
192.5000
258.5000
209.0000
186.5000
199.5000
196.5000
217.0000
216.0000
187.0000
230.5000
224.5000
270.0000
214.5000
237.0000
272.5000
154.0000
194.0000
232.0000
256.5000
225.5000
205.0000
213.0000
234.0000
251.5000
225.5000
247.5000
237.5000
224.0000
195.0000
252.5000
206.5000
161.5000
233.0000
184.0000
238.0000
218.5000
281.5000
255.0000
234.0000
223.5000
210.5000
185.5000
257.5000
204.0000
251.5000
194.0000
189.5000
167.0000
202.5000
148.0000
221.0000
204.5000
138.5000
169.5000
193.5000
202.5000
198.0000
187.0000
245.0000
225.0000
226.5000
211.0000
203.5000
220.5000
171.5000
218.5000
207.0000
211.0000
252.5000
199.5000
221.5000
255.0000
200.5000
206.5000
201.0000
192.5000
229.5000
169.5000
181.5000
173.5000
200.0000
191.5000
230.0000
236.0000
187.0000
194.0000
202.5000
214.5000
262.0000
150.5000
141.0000
153.5000
194.0000
239.5000
222.0000
161.5000
186.0000
182.5000
179.0000
194.5000
163.5000
158.5000
192.5000
184.0000
197.5000
183.5000
155.0000
170.5000
166.0000
188.0000
188.5000
221.0000
172.5000
170.0000
145.0000
128.0000
178.5000
206.0000
160.0000
192.5000
240.5000
180.0000
164.0000
225.5000
174.0000
193.0000
182.0000
147.0000
171.0000
195.5000
200.5000
202.5000
202.0000
204.5000
187.0000
181.5000
171.0000
184.0000
138.0000
147.0000
201.5000
158.0000
189.0000
153.0000
178.5000
162.5000
158.0000
181.5000
193.0000
174.0000
139.5000
169.5000
181.0000
156.5000
157.0000
208.5000
198.0000
196.0000
110.5000
188.5000
131.5000
189.5000
213.0000
186.5000
127.0000
162.0000
151.0000
151.5000
187.5000
186.0000
141.0000
194.5000
156.5000
138.5000
188.0000
203.5000
174.0000
174.0000
185.5000
188.5000
209.0000
157.0000
115.5000
151.5000
247.5000
222.0000
187.5000
158.5000
160.5000
180.0000
206.0000
165.5000
113.5000
143.0000
164.5000
173.5000
155.0000
198.0000
142.0000
203.0000
182.5000
134.0000
170.0000
