# SRM averaged (8 acq, bg subtracted) — Bin0
7045.0000
7134.8750
7111.5000
7009.5000
7026.2500
6945.8750
6909.8750
6916.2500
6900.2500
6872.0000
6870.5000
6842.0000
6871.7500
6788.7500
6797.0000
6729.1250
6705.0000
6706.2500
6706.2500
6708.1250
6631.0000
6638.0000
6589.1250
6598.6250
6564.3750
6566.8750
6591.2500
6535.1250
6491.7500
6467.1250
6480.8750
6479.2500
6446.0000
6451.1250
6453.0000
6394.7500
6427.3750
6378.1250
6353.0000
6357.3750
6373.1250
6282.7500
6274.3750
6251.0000
6241.2500
6247.0000
6233.3750
6240.6250
6153.1250
6171.0000
6136.8750
6117.0000
6147.1250
6126.7500
6083.3750
6090.2500
6124.2500
6086.5000
6007.1250
6012.3750
6045.6250
6018.6250
5988.3750
5952.7500
5975.2500
5968.1250
5984.1250
5889.0000
5904.1250
5876.2500
5876.1250
5851.2500
5892.2500
5792.5000
5848.1250
5779.2500
5818.0000
5756.2500
5738.3750
5676.7500
5678.1250
5692.6250
5675.6250
5664.2500
5609.5000
5591.7500
5620.3750
5559.8750
5565.7500
5565.0000
5563.5000
5507.5000
5552.7500
5525.2500
5521.5000
5507.6250
5507.3750
5473.7500
5474.8750
5450.7500
5473.5000
5424.0000
5406.1250
5355.5000
5377.3750
5372.0000
5355.8750
5315.8750
5306.8750
5285.6250
5279.6250
5242.3750
5293.1250
5230.7500
5202.3750
5126.6250
5106.6250
5096.2500
5107.6250
5085.7500
5103.8750
5044.7500
5083.5000
5073.1250
5068.3750
5038.6250
5055.6250
5041.3750
5071.5000
5001.8750
5041.8750
4985.2500
5042.3750
4969.5000
5008.5000
5029.7500
4984.5000
4956.3750
4933.1250
4953.7500
4950.8750
4934.1250
4950.7500
4902.8750
4914.0000
4896.5000
4920.5000
4895.6250
4918.0000
4828.1250
4924.1250
4819.7500
4860.3750
4871.3750
4797.3750
4835.2500
4790.5000
4818.2500
4787.0000
4773.2500
4792.0000
4805.0000
4773.1250
4772.0000
4749.0000
4723.0000
4748.6250
4700.7500
4720.8750
4779.5000
4697.5000
4705.1250
4669.5000
4700.6250
4748.0000
4726.6250
4720.8750
4680.0000
4684.8750
4673.5000
4663.6250
4633.1250
4623.7500
4598.3750
4613.5000
4581.8750
4600.6250
4587.1250
4553.6250
4575.6250
4535.2500
4535.3750
4514.1250
4525.8750
4518.3750
4516.1250
4511.5000
4434.0000
4440.1250
4410.0000
4375.7500
4443.3750
4405.8750
4399.7500
4395.8750
4374.5000
4381.8750
4382.1250
4380.8750
4325.7500
4376.5000
4309.0000
4299.8750
4315.7500
4359.5000
4284.1250
4276.7500
4259.8750
4266.1250
4225.1250
4229.0000
4200.1250
4209.8750
4199.7500
4179.0000
4174.6250
4147.6250
4066.8750
4112.1250
4018.8750
4059.7500
4011.7500
3986.7500
3996.2500
4003.1250
4000.2500
3936.6250
3951.0000
3941.1250
3935.6250
3949.5000
3910.8750
3894.5000
3896.1250
3850.3750
3875.2500
3810.5000
3833.1250
3792.8750
3766.6250
3720.3750
3745.0000
3699.5000
3709.0000
3682.2500
3678.8750
3622.0000
3629.2500
3598.1250
3624.8750
3587.8750
3552.3750
3535.7500
3478.8750
3503.6250
3476.5000
3456.7500
3434.8750
3446.5000
3390.3750
3403.6250
3372.3750
3419.2500
3392.3750
3437.1250
3495.1250
3549.6250
3579.6250
3666.2500
3759.0000
3924.0000
3984.2500
4176.3750
4343.7500
4463.7500
4656.1250
4804.1250
4946.5000
5112.8750
5334.6250
5462.2500
5647.6250
5776.7500
5975.6250
6196.3750
6338.1250
6519.1250
6693.0000
6850.1250
7052.0000
7246.2500
7410.8750
7629.7500
7745.6250
7922.2500
8170.2500
8372.1250
8475.7500
8697.6250
8872.2500
8999.6250
9213.7500
9382.3750
9600.2500
9727.5000
9900.5000
10141.5000
10270.0000
10482.1250
10734.3750
10933.8750
11082.1250
11247.8750
11478.5000
11672.8750
11840.7500
12160.0000
12216.6250
12520.1250
12593.3750
12804.5000
13084.5000
13307.0000
13508.6250
13644.0000
13803.1250
14097.5000
14318.8750
14508.2500
14734.7500
14955.7500
15107.2500
15371.8750
15534.3750
15683.2500
15986.8750
16172.2500
16355.7500
16511.7500
16836.3750
16977.3750
17175.5000
17364.6250
17572.5000
17733.8750
17958.1250
18193.0000
18290.7500
18683.0000
18815.7500
19060.3750
19282.0000
19570.2500
19737.0000
19858.0000
20119.3750
20361.1250
20513.7500
20853.8750
21003.3750
21202.7500
21491.1250
21624.8750
21813.8750
22153.1250
22308.6250
22522.1250
22660.8750
22968.2500
23202.2500
23386.0000
23592.3750
23640.3750
23890.6250
24103.8750
24367.2500
24658.3750
24764.0000
24997.1250
25141.1250
25423.8750
25675.2500
25782.5000
26014.8750
26293.5000
26404.1250
26567.6250
26711.3750
26879.3750
27003.3750
27049.7500
27394.6250
27306.1250
27440.5000
27648.0000
27540.3750
27595.3750
27622.8750
27850.0000
27746.6250
27792.8750
27777.8750
27856.0000
27862.7500
28098.3750
28040.1250
28156.0000
28161.6250
28214.2500
28241.1250
28228.2500
28376.7500
28461.2500
28361.6250
28487.2500
28609.0000
28656.1250
28791.7500
28827.5000
28789.8750
28883.2500
28943.1250
29098.6250
29021.6250
28925.7500
29127.5000
29287.6250
29262.6250
29362.7500
29435.2500
29340.1250
29409.1250
29502.3750
29541.6250
29645.8750
29555.1250
29497.6250
29793.1250
29713.7500
29756.3750
29865.2500
29918.8750
29921.2500
30059.1250
30067.6250
30077.7500
30065.8750
30222.3750
30190.6250
30255.8750
30234.3750
30143.3750
30436.6250
30520.3750
30467.3750
30441.2500
30554.7500
30573.2500
30681.7500
30771.1250
30849.0000
30840.3750
30848.7500
30940.2500
30922.6250
31011.3750
31040.8750
31131.2500
31090.0000
31140.2500
31153.6250
31147.7500
31273.7500
31207.5000
31345.0000
31410.3750
31380.0000
31404.8750
31381.2500
31386.3750
31453.3750
31607.5000
31669.0000
31712.1250
31661.6250
31640.0000
31672.2500
31820.3750
31861.1250
31825.5000
31879.0000
31998.1250
31909.2500
31940.1250
31911.8750
31978.8750
31927.6250
31907.6250
32032.6250
31968.6250
31975.5000
32050.6250
32155.0000
32181.6250
32271.6250
32293.2500
32411.3750
32286.0000
32448.7500
32615.0000
32535.7500
32680.3750
32594.6250
32725.3750
32696.1250
32780.7500
32844.1250
32824.5000
32840.1250
32858.1250
32833.5000
33027.7500
33060.1250
32959.3750
32949.7500
33118.6250
33193.1250
32979.6250
33208.7500
33216.1250
33268.3750
33329.8750
33348.2500
33178.3750
33298.5000
33381.6250
33331.7500
33470.3750
33386.2500
33529.7500
33550.7500
33559.7500
33552.1250
33582.8750
33693.1250
33627.8750
33648.1250
33593.5000
33758.0000
33842.1250
33862.1250
33834.7500
33762.7500
33849.8750
33894.3750
33964.0000
33839.1250
33997.8750
34028.8750
33991.7500
34093.7500
34055.1250
33978.0000
34109.5000
34274.3750
34341.3750
34353.3750
34289.2500
34298.3750
34229.8750
34346.5000
34266.0000
34408.6250
34471.1250
34533.2500
34696.6250
34569.6250
34412.3750
34673.2500
34620.1250
34666.2500
34603.1250
34624.1250
34791.8750
34901.0000
34873.3750
34851.2500
34868.1250
34914.8750
34923.2500
34996.1250
35069.7500
35122.8750
35084.3750
35245.3750
35166.2500
35143.6250
35317.1250
35392.0000
35223.7500
35381.0000
35423.2500
35559.8750
35382.0000
35486.5000
35607.3750
35562.8750
35669.7500
35738.0000
35784.6250
35862.8750
35831.0000
35764.1250
35890.1250
35940.7500
35946.2500
36112.7500
36015.0000
36026.1250
36232.6250
36087.2500
36191.0000
36242.7500
36208.5000
36319.7500
36452.2500
36416.0000
36553.7500
36469.0000
36356.0000
36397.6250
36599.3750
36681.1250
36595.2500
36603.8750
36592.8750
36680.2500
36733.1250
36750.7500
36830.3750
36703.6250
36879.1250
37033.2500
36996.7500
36971.2500
37253.5000
36993.2500
37109.1250
37215.2500
37297.0000
37171.0000
37200.0000
37327.8750
37265.2500
37339.1250
37375.8750
37446.0000
37338.0000
37461.0000
37423.5000
37435.6250
37362.5000
37413.6250
37530.2500
37644.6250
37663.2500
37791.3750
37856.0000
37936.8750
37787.2500
37756.0000
37866.2500
37827.6250
37948.5000
38015.3750
38071.1250
37992.2500
37964.5000
38061.3750
38052.6250
38148.2500
38099.2500
38166.7500
38199.8750
38334.1250
38298.1250
38275.1250
38328.7500
38246.7500
38377.3750
38281.0000
38488.3750
38423.6250
38428.5000
38440.1250
38487.6250
38557.5000
38637.3750
38726.3750
38858.1250
38698.8750
38782.0000
38696.2500
38756.2500
38690.1250
38763.6250
38805.1250
38831.7500
38847.7500
38910.2500
38911.8750
38822.2500
38988.5000
38879.0000
39106.5000
38948.5000
39015.5000
39170.0000
39081.7500
39088.3750
39090.1250
39116.6250
39154.7500
38950.5000
39123.3750
39174.0000
39299.8750
39184.7500
39178.0000
39275.0000
39188.5000
39415.2500
39323.5000
39429.8750
39447.0000
39487.3750
39550.7500
39509.8750
39571.2500
39455.5000
39483.6250
39599.3750
39630.6250
39621.7500
39642.2500
39692.8750
39837.5000
39608.0000
39690.1250
39686.0000
39812.3750
39751.1250
39782.6250
39641.2500
39818.5000
39830.3750
39920.7500
39907.0000
39891.2500
39964.1250
40008.1250
39910.0000
39965.8750
39990.2500
39895.7500
39950.8750
39958.8750
40109.2500
40085.3750
40066.2500
40001.1250
40145.6250
40047.8750
40288.1250
40165.6250
40116.8750
40241.5000
40223.3750
40208.5000
40224.3750
40245.1250
40248.3750
40271.0000
40352.7500
40431.8750
40334.1250
40407.7500
40523.8750
40341.0000
40340.3750
40388.6250
40402.8750
40534.5000
40441.3750
40465.7500
40436.7500
40475.2500
40586.0000
40460.1250
40643.0000
40550.6250
40517.7500
40586.1250
40597.3750
40611.7500
40656.0000
40775.6250
40598.0000
40548.3750
40700.2500
40745.1250
40671.7500
40828.5000
40818.8750
40833.1250
40770.6250
40820.0000
40752.1250
40881.8750
40831.7500
40881.5000
40851.8750
40908.0000
40823.0000
40842.6250
40913.1250
40998.1250
40900.1250
40917.8750
41035.2500
40883.5000
40927.3750
41018.0000
41076.2500
41016.2500
41097.3750
41064.1250
41039.3750
41029.5000
41130.2500
41135.7500
41101.7500
41252.1250
41119.8750
41269.2500
41062.6250
41068.1250
41198.7500
41281.2500
41229.6250
41175.7500
41204.8750
41209.6250
41207.2500
41225.1250
41303.1250
41397.5000
41287.6250
41294.7500
41296.7500
41303.1250
41338.0000
41436.0000
41305.3750
41381.2500
41384.3750
41342.2500
41503.7500
41478.0000
41512.0000
41610.2500
41477.1250
41551.1250
41536.6250
41639.0000
41575.2500
41575.3750
41595.2500
41527.8750
41434.1250
41629.3750
41692.5000
41648.5000
41651.6250
41683.0000
41711.3750
41711.7500
41727.8750
41686.0000
41699.5000
41799.5000
41770.2500
41730.6250
41861.0000
41761.7500
41674.6250
41754.6250
41863.2500
41727.5000
41761.2500
41781.3750
41805.7500
41830.0000
41841.8750
41756.6250
41798.2500
41773.3750
41902.3750
41733.0000
41892.3750
41923.3750
41845.7500
41904.0000
41954.2500
41902.0000
41906.6250
41825.1250
41970.7500
41932.3750
42027.1250
41906.2500
41938.5000
41894.6250
42076.8750
41957.2500
41941.5000
41917.6250
41948.5000
41897.8750
41975.2500
42031.8750
41916.1250
42042.7500
41974.8750
42017.5000
41962.7500
42020.8750
42015.0000
42027.3750
42091.3750
42140.5000
42122.6250
41865.5000
42084.1250
42013.3750
41838.3750
42015.5000
41922.6250
41854.2500
42036.5000
42004.5000
42010.3750
42017.7500
42080.1250
41960.1250
41979.7500
42080.6250
42062.0000
41997.3750
42106.6250
41919.0000
41875.2500
42045.7500
42093.1250
42088.1250
42033.0000
41924.6250
41870.5000
42076.0000
41883.5000
42008.3750
41858.3750
42078.8750
42139.3750
42033.2500
42092.8750
42034.1250
42101.6250
42020.0000
41974.5000
42031.1250
42066.1250
42061.0000
42075.0000
42091.1250
41818.1250
41954.2500
42015.7500
41938.1250
42111.0000
41999.2500
42180.3750
42103.1250
42067.1250
42187.1250
41977.7500
42056.0000
42075.7500
42131.8750
41999.7500
41959.6250
42026.0000
41996.1250
42098.6250
42038.1250
42029.0000
42058.6250
41987.7500
42009.6250
42034.0000
42084.6250
42030.3750
41904.6250
42099.8750
42159.8750
41984.0000
41997.8750
41930.3750
41988.7500
41984.5000
41781.7500
42005.6250
42091.7500
41977.7500
41962.5000
41895.7500
42074.6250
42000.6250
41972.2500
41948.5000
42058.0000
42011.1250
41918.6250
42005.1250
42128.2500
41962.8750
41905.6250
42067.3750
41899.3750
41979.1250
42079.2500
42047.6250
41833.3750
42085.8750
42078.5000
41983.1250
41984.1250
41977.7500
41891.6250
41913.3750
42090.3750
41997.7500
42047.5000
41970.8750
41906.7500
42113.1250
41929.7500
41986.3750
41954.8750
42082.7500
42109.8750
41984.7500
41847.6250
41929.5000
42031.0000
41986.0000
41941.8750
42025.1250
42065.6250
42063.8750
42096.0000
42169.8750
42066.1250
42111.5000
41971.7500
42100.7500
42251.0000
42200.3750
42096.2500
42155.0000
42188.8750
42216.5000
42310.8750
42249.6250
42329.5000
42328.6250
42405.8750
42263.7500
42494.5000
42270.5000
42216.7500
42337.5000
42372.0000
42289.8750
42301.1250
42494.8750
42417.3750
42341.7500
42527.2500
42470.0000
42440.7500
42377.5000
42563.7500
42459.2500
42513.8750
42543.0000
42736.7500
42510.0000
42553.7500
42530.7500
42683.6250
42727.3750
42528.0000
42569.6250
42540.6250
42557.2500
42610.7500
42690.3750
42505.6250
42666.7500
42634.2500
42549.1250
42528.2500
42532.2500
42516.0000
42597.7500
42580.8750
42616.0000
42671.1250
42648.1250
42610.3750
42584.7500
42757.8750
42628.3750
42592.1250
42518.6250
42605.1250
42543.6250
42577.0000
42496.8750
42485.0000
42610.2500
42442.1250
42421.3750
42447.7500
42356.3750
42483.2500
42377.6250
42390.3750
42225.2500
42200.1250
42297.2500
42244.3750
42298.6250
42271.0000
42153.8750
42144.0000
42085.3750
42122.3750
42081.2500
42100.8750
42080.5000
42090.5000
41915.5000
41977.6250
42011.0000
41852.6250
41771.5000
41794.2500
41734.6250
41621.3750
41812.1250
41599.3750
41719.0000
41614.5000
41667.5000
41637.5000
41639.5000
41540.3750
41567.6250
41590.6250
41401.7500
41412.0000
41248.0000
41458.8750
41163.5000
41182.5000
41147.6250
41031.7500
41086.3750
41042.3750
41073.5000
41058.7500
41056.8750
40883.2500
40871.5000
40831.8750
40711.1250
40579.8750
40622.0000
40626.3750
40515.5000
40552.0000
40256.8750
40405.2500
40327.0000
40470.6250
40259.8750
40425.8750
40171.5000
40093.2500
40155.3750
40152.6250
40037.5000
40137.0000
39972.5000
39776.6250
39782.1250
39705.7500
39781.1250
39666.0000
39661.2500
39692.8750
39518.0000
39401.8750
39419.6250
39346.6250
39333.3750
39220.1250
39263.1250
39272.7500
39215.3750
39001.3750
39030.6250
38973.0000
38908.0000
38907.0000
38762.7500
38818.2500
38826.7500
38518.6250
38575.2500
38592.3750
38490.3750
38428.2500
38353.0000
38268.0000
38253.7500
38210.2500
38171.2500
38088.5000
38045.5000
38085.3750
37912.8750
37982.1250
37892.2500
37745.1250
37655.7500
37642.2500
37652.3750
37521.5000
37564.7500
37440.1250
37501.3750
37347.8750
37294.2500
37362.7500
37190.1250
37092.2500
37232.7500
37063.5000
36985.2500
36940.8750
36769.2500
36905.3750
36807.6250
36791.0000
36599.1250
36737.5000
36635.8750
36508.7500
36579.7500
36427.0000
36378.7500
36333.2500
36397.7500
36238.5000
36193.1250
36339.5000
36233.0000
36142.5000
36105.3750
36052.6250
35934.8750
35858.3750
36015.7500
35915.7500
35833.3750
35856.8750
35752.2500
35770.1250
35679.2500
35800.6250
35670.5000
35624.8750
35652.3750
35394.0000
35573.6250
35480.8750
35442.3750
35322.2500
35288.0000
35303.3750
35306.7500
35214.8750
35233.0000
35247.1250
35104.2500
35098.0000
35144.8750
35215.8750
35110.3750
35076.0000
35041.7500
34895.6250
35001.1250
34882.6250
34869.7500
34844.8750
34732.1250
