# SRM averaged (8 acq, bg subtracted) — Bin1
1232.2500
1230.2500
1227.8750
1234.6250
1235.3750
1203.5000
1231.0000
1227.6250
1205.8750
1221.7500
1237.1250
1235.5000
1233.0000
1231.5000
1240.6250
1226.3750
1244.8750
1225.2500
1221.2500
1240.5000
1236.1250
1220.0000
1237.5000
1249.7500
1217.3750
1223.1250
1238.5000
1222.6250
1254.5000
1239.1250
1210.1250
1231.3750
1227.2500
1218.7500
1216.7500
1218.1250
1236.2500
1218.6250
1232.3750
1219.8750
1210.5000
1223.7500
1218.5000
1217.1250
1212.0000
1209.2500
1221.2500
1224.2500
1214.6250
1221.3750
1220.5000
1204.8750
1233.1250
1206.1250
1231.0000
1222.5000
1191.3750
1234.3750
1204.0000
1213.2500
1210.8750
1225.6250
1217.2500
1193.0000
1198.6250
1211.0000
1216.6250
1190.5000
1218.6250
1217.5000
1198.0000
1192.1250
1183.5000
1215.8750
1216.6250
1217.0000
1186.1250
1198.2500
1203.3750
1182.5000
1205.5000
1204.3750
1178.7500
1214.8750
1187.8750
1195.8750
1196.1250
1199.7500
1210.7500
1179.1250
1197.5000
1194.0000
1187.7500
1172.8750
1193.5000
1179.1250
1209.6250
1195.5000
1194.6250
1192.5000
1206.0000
1185.8750
1192.3750
1197.8750
1200.1250
1197.8750
1200.3750
1196.2500
1202.8750
1175.3750
1166.7500
1195.6250
1183.6250
1174.5000
1131.2500
1109.3750
1094.1250
1075.2500
1058.6250
1040.7500
1039.7500
1038.1250
1018.1250
1042.5000
1026.8750
1023.0000
1028.3750
1050.0000
1017.6250
1020.3750
1033.1250
1023.8750
1018.2500
1012.6250
1016.6250
1023.8750
1020.8750
1019.7500
1016.7500
1017.7500
1010.6250
1040.0000
1038.7500
1030.2500
1028.2500
1018.6250
1053.8750
1011.5000
1026.3750
1006.8750
1043.0000
1040.5000
1045.6250
1038.3750
1019.3750
1040.7500
1027.1250
1023.1250
1038.3750
1051.1250
1031.6250
1038.0000
1044.8750
1037.1250
1027.3750
1020.7500
1031.3750
1057.5000
1041.7500
1050.3750
1056.1250
1017.6250
1038.7500
1042.8750
1051.8750
1055.0000
1049.2500
1052.7500
1046.6250
1059.0000
1057.8750
1045.2500
1060.1250
1036.8750
1053.1250
1053.5000
1060.6250
1054.3750
1045.8750
1047.1250
1057.6250
1055.6250
1066.1250
1071.2500
1082.8750
1061.5000
1054.1250
1079.8750
1054.3750
1060.6250
1052.2500
1068.0000
1050.5000
1079.7500
1072.8750
1084.8750
1070.7500
1058.3750
1073.0000
1081.8750
1063.6250
1067.0000
1094.2500
1085.8750
1075.0000
1075.5000
1080.6250
1078.0000
1064.3750
1116.8750
1101.8750
1092.6250
1089.2500
1089.1250
1090.1250
1080.0000
1105.6250
1120.6250
1098.0000
1111.6250
1097.5000
1107.3750
1089.6250
1083.5000
1099.7500
1103.3750
1105.1250
1100.5000
1104.8750
1113.0000
1106.5000
1122.2500
1128.8750
1108.8750
1115.2500
1125.1250
1137.8750
1124.3750
1110.2500
1104.1250
1110.6250
1128.6250
1130.6250
1159.0000
1144.8750
1136.7500
1129.5000
1137.5000
1128.8750
1129.6250
1128.6250
1140.7500
1163.1250
1131.8750
1138.0000
1134.5000
1156.1250
1120.5000
1134.6250
1138.5000
1136.0000
1157.2500
1157.0000
1162.3750
1165.7500
1166.0000
1154.0000
1168.1250
1171.3750
1175.8750
1192.3750
1197.0000
1196.0000
1223.0000
1250.1250
1247.6250
1259.8750
1267.7500
1271.1250
1265.6250
1305.7500
1288.3750
1318.1250
1327.1250
1343.0000
1369.8750
1358.1250
1371.1250
1388.6250
1388.7500
1400.1250
1417.1250
1449.2500
1460.0000
1473.0000
1472.1250
1502.2500
1482.8750
1521.1250
1514.7500
1538.2500
1543.0000
1582.6250
1567.5000
1576.7500
1596.2500
1594.3750
1625.1250
1620.3750
1660.3750
1679.8750
1676.3750
1688.8750
1692.6250
1711.7500
1714.6250
1729.5000
1761.1250
1766.2500
1789.2500
1775.6250
1816.8750
1826.0000
1830.1250
1840.8750
1868.7500
1873.6250
1867.6250
1873.5000
1899.6250
1939.5000
1921.6250
1930.8750
1949.1250
2000.1250
1975.5000
1993.2500
2023.3750
2020.3750
2034.5000
2041.2500
2052.1250
2075.2500
2081.3750
2110.8750
2092.3750
2089.6250
2149.8750
2131.6250
2130.5000
2139.0000
2178.5000
2171.8750
2203.3750
2190.2500
2216.2500
2206.2500
2263.8750
2229.8750
2249.0000
2276.6250
2274.3750
2295.1250
2317.1250
2329.5000
2332.1250
2359.0000
2323.2500
2382.3750
2385.1250
2353.1250
2398.3750
2377.3750
2420.6250
2407.0000
2419.0000
2457.6250
2457.7500
2453.0000
2462.0000
2488.7500
2476.0000
2490.6250
2515.2500
2538.1250
2487.3750
2526.3750
2530.5000
2521.7500
2548.6250
2537.7500
2560.0000
2543.2500
2555.6250
2563.1250
2553.7500
2556.7500
2559.5000
2550.7500
2567.8750
2566.1250
2588.8750
2598.2500
2559.3750
2557.6250
2601.1250
2593.0000
2621.6250
2609.0000
2618.7500
2622.2500
2645.7500
2586.1250
2623.6250
2630.1250
2594.0000
2674.0000
2636.8750
2634.2500
2652.5000
2615.2500
2648.6250
2619.7500
2667.8750
2662.1250
2627.5000
2645.6250
2668.7500
2686.2500
2677.5000
2644.8750
2679.3750
2684.3750
2702.0000
2700.2500
2700.7500
2711.3750
2695.8750
2717.0000
2710.6250
2707.6250
2741.1250
2714.7500
2765.1250
2728.5000
2737.6250
2731.7500
2724.8750
2746.6250
2784.3750
2771.0000
2723.5000
2788.5000
2770.8750
2756.8750
2794.5000
2788.6250
2805.6250
2799.3750
2810.0000
2788.2500
2803.8750
2805.8750
2816.2500
2825.8750
2809.7500
2828.5000
2824.6250
2826.5000
2857.8750
2865.0000
2826.6250
2830.3750
2868.8750
2852.6250
2876.7500
2893.8750
2894.3750
2904.8750
2879.8750
2896.7500
2892.8750
2890.6250
2921.3750
2934.1250
2892.6250
2884.6250
2872.7500
2933.5000
2928.2500
2902.2500
2875.0000
2906.8750
2917.5000
2907.2500
2903.3750
2986.3750
2949.3750
2944.7500
2960.2500
2972.0000
2990.8750
2977.3750
2953.2500
2994.2500
3015.0000
3013.3750
2977.8750
2991.7500
3013.5000
2988.1250
3014.5000
3032.1250
3038.3750
3000.1250
3058.5000
3042.2500
3059.8750
3036.8750
3045.3750
3029.0000
3088.8750
3087.6250
3080.2500
3071.2500
3091.0000
3101.6250
3074.7500
3093.8750
3125.8750
3098.0000
3122.6250
3097.1250
3131.3750
3161.7500
3136.0000
3115.6250
3116.1250
3130.1250
3163.3750
3158.8750
3179.1250
3197.0000
3170.7500
3193.8750
3196.6250
3198.2500
3201.6250
3216.8750
3215.6250
3200.5000
3227.2500
3226.3750
3224.2500
3259.6250
3225.5000
3265.6250
3250.7500
3281.8750
3276.1250
3288.6250
3310.5000
3263.2500
3272.3750
3301.5000
3342.1250
3298.1250
3330.5000
3332.7500
3344.6250
3359.3750
3322.5000
3358.2500
3341.3750
3375.5000
3371.6250
3398.5000
3376.6250
3405.0000
3375.8750
3449.0000
3414.5000
3423.2500
3433.6250
3429.6250
3470.8750
3459.7500
3449.2500
3497.3750
3476.7500
3462.1250
3504.2500
3469.3750
3531.5000
3545.5000
3468.7500
3532.6250
3553.0000
3536.5000
3623.6250
3616.8750
3563.1250
3572.6250
3577.6250
3569.2500
3648.7500
3644.8750
3654.3750
3626.1250
3688.6250
3648.6250
3671.7500
3697.6250
3703.7500
3698.6250
3723.6250
3730.7500
3749.7500
3789.8750
3756.8750
3798.2500
3791.2500
3811.8750
3793.0000
3811.6250
3829.5000
3906.5000
3897.5000
3896.6250
3921.7500
3908.2500
3885.8750
3928.7500
3938.5000
3929.2500
3933.1250
3996.5000
3968.6250
3988.6250
3998.1250
4031.1250
4028.3750
4064.8750
4015.5000
4101.1250
4073.3750
4121.8750
4122.5000
4151.1250
4131.3750
4136.5000
4224.3750
4234.3750
4192.8750
4247.6250
4256.0000
4294.3750
4308.1250
4279.5000
4307.3750
4334.7500
4359.2500
4389.0000
4403.2500
4363.2500
4421.3750
4421.2500
4435.7500
4438.6250
4501.6250
4478.6250
4499.0000
4528.8750
4544.3750
4582.1250
4607.0000
4639.0000
4659.1250
4637.3750
4690.0000
4737.1250
4773.1250
4732.3750
4767.5000
4788.0000
4833.6250
4840.8750
4828.0000
4865.5000
4870.8750
4929.7500
4974.5000
4937.7500
4988.8750
5033.2500
5100.7500
5035.3750
5075.6250
5102.3750
5111.6250
5116.0000
5171.2500
5225.3750
5205.5000
5234.5000
5283.6250
5278.3750
5297.3750
5313.2500
5400.0000
5350.3750
5387.7500
5420.2500
5435.1250
5449.0000
5534.6250
5502.1250
5517.8750
5552.0000
5547.3750
5550.1250
5587.3750
5581.5000
5651.8750
5635.2500
5646.0000
5649.1250
5722.2500
5720.2500
5730.5000
5749.0000
5769.7500
5821.6250
5804.1250
5842.2500
5928.6250
5957.0000
5963.5000
5976.2500
5977.3750
5995.1250
6071.5000
6042.0000
6094.3750
6062.7500
6109.0000
6156.8750
6114.7500
6167.7500
6159.5000
6214.6250
6246.2500
6251.1250
6285.3750
6346.6250
6317.5000
6343.8750
6368.1250
6399.8750
6374.6250
6430.1250
6427.6250
6428.8750
6504.6250
6501.2500
6532.1250
6560.3750
6534.2500
6586.8750
6570.6250
6616.2500
6587.2500
6637.3750
6605.2500
6657.5000
6675.1250
6680.6250
6704.1250
6690.3750
6728.5000
6741.8750
6789.1250
6835.3750
6812.5000
6811.5000
6847.3750
6892.1250
6900.5000
6859.8750
6946.8750
6938.2500
6930.5000
6954.1250
6968.7500
7026.0000
7069.1250
7014.2500
7009.8750
7055.1250
7059.6250
7079.6250
7125.7500
7111.0000
7091.7500
7136.5000
7153.1250
7172.1250
7135.1250
7175.1250
7244.5000
7232.7500
7204.8750
7242.1250
7298.5000
7241.3750
7216.7500
7294.8750
7286.2500
7327.6250
7323.0000
7294.5000
7350.6250
7333.3750
7341.1250
7397.3750
7367.7500
7362.7500
7354.2500
7427.5000
7387.6250
7373.6250
7386.5000
7398.1250
7455.7500
7465.1250
7441.0000
7449.6250
7465.1250
7515.8750
7466.2500
7496.1250
7496.3750
7495.8750
7464.8750
7530.2500
7525.2500
7529.2500
7606.3750
7567.1250
7524.5000
7569.8750
7534.6250
7602.1250
7555.1250
7509.1250
7603.7500
7592.1250
7622.8750
7591.3750
7596.5000
7514.1250
7650.8750
7606.6250
7630.8750
7665.7500
7638.8750
7601.0000
7646.2500
7619.0000
7671.5000
7616.3750
7654.2500
7574.0000
7591.7500
7619.6250
7648.8750
7637.6250
7640.3750
7653.8750
7674.2500
7654.2500
7590.7500
7668.3750
7642.1250
7611.0000
7673.7500
7685.7500
7638.6250
7676.7500
7610.0000
7670.8750
7642.0000
7682.3750
7608.5000
7691.1250
7624.8750
7685.7500
7679.1250
7669.7500
7656.1250
7650.8750
7633.2500
7626.2500
7634.2500
7666.5000
7638.1250
7602.5000
7555.6250
7645.2500
7596.5000
7643.3750
7590.0000
7611.7500
7651.8750
7632.6250
7637.0000
7597.2500
7648.0000
7559.2500
7618.0000
7591.3750
7638.5000
7635.6250
7619.1250
7609.3750
7585.3750
7552.6250
7518.7500
7565.5000
7606.6250
7508.5000
7611.7500
7577.6250
7518.2500
7531.3750
7582.3750
7517.7500
7520.2500
7508.7500
7493.3750
7527.1250
7530.6250
7560.5000
7538.7500
7523.6250
7445.6250
7483.3750
7532.3750
7487.3750
7512.6250
7459.1250
7462.7500
7482.2500
7451.6250
7474.7500
7459.2500
7392.1250
7466.8750
7427.0000
7408.0000
7414.1250
7392.3750
7414.8750
7421.2500
7415.7500
7398.3750
7336.8750
7346.5000
7379.0000
7417.1250
7355.0000
7368.6250
7390.3750
7353.1250
7332.0000
7351.7500
7320.6250
7328.2500
7358.1250
7271.8750
7354.7500
7349.8750
7339.3750
7296.3750
7293.0000
7311.6250
7315.7500
7275.6250
7311.1250
7316.3750
7216.5000
7210.5000
7220.3750
7221.1250
7304.0000
7192.1250
7257.0000
7204.8750
7209.7500
7179.5000
7222.7500
7172.3750
7188.1250
7200.8750
7196.1250
7168.7500
7163.1250
7189.6250
7149.8750
7170.3750
7087.5000
7180.3750
7151.7500
7111.1250
7152.6250
7152.5000
7115.0000
7097.6250
7096.7500
7082.1250
7065.5000
7079.1250
7068.8750
7087.3750
7035.3750
7082.2500
7022.7500
7054.6250
7042.3750
7014.3750
6984.8750
7082.3750
7005.0000
6937.1250
6986.2500
6974.0000
6954.5000
6983.7500
6976.3750
7009.1250
6903.1250
6997.3750
6922.0000
6916.2500
6995.7500
6921.3750
6937.6250
6843.6250
6884.7500
6873.3750
6873.0000
6904.0000
6824.1250
6839.6250
6833.3750
6853.3750
6810.1250
6839.3750
6820.1250
6786.7500
6822.2500
6741.5000
6761.0000
6813.0000
6773.0000
6721.8750
6736.8750
6756.7500
6676.5000
6711.1250
6712.8750
6711.0000
6680.2500
6733.0000
6622.2500
6629.0000
6624.0000
6622.5000
6673.3750
6616.2500
6586.5000
6595.3750
6637.6250
6582.2500
6605.3750
6591.5000
6490.5000
6566.8750
6548.2500
6555.3750
6535.7500
6543.0000
6530.2500
6449.6250
6460.3750
6437.3750
6468.7500
6477.6250
6411.8750
6429.7500
6399.0000
6351.7500
6434.7500
6381.5000
6393.2500
6360.1250
6352.2500
6365.0000
6383.2500
6335.6250
6345.2500
6322.3750
6320.1250
6248.7500
6321.3750
6263.2500
6243.0000
6300.3750
6311.7500
6251.5000
6275.7500
6235.6250
6221.6250
6187.3750
6217.5000
6199.3750
6149.3750
6060.1250
6092.3750
6121.1250
6084.7500
6097.3750
6068.6250
6062.5000
6119.3750
6055.7500
6049.5000
6004.3750
6006.2500
5999.1250
6054.6250
5923.0000
6019.1250
6001.5000
5981.6250
5958.7500
5953.0000
5927.1250
5978.8750
5909.8750
5978.8750
5902.3750
5876.3750
5856.3750
5865.6250
5884.1250
5850.1250
5822.1250
5873.2500
5831.2500
5811.6250
5814.5000
5780.7500
5800.5000
5829.3750
5711.0000
5806.8750
5754.8750
5757.5000
5694.0000
5661.2500
5754.8750
5698.8750
5672.1250
5707.2500
5603.3750
5677.3750
5657.1250
5668.0000
5624.8750
5651.6250
5644.8750
5616.2500
5647.8750
5627.1250
5593.5000
5556.6250
5627.6250
5603.1250
5554.8750
5549.3750
5561.2500
5512.0000
5489.1250
5475.7500
5480.1250
5489.8750
5458.6250
5475.0000
5438.7500
5429.5000
5438.6250
5376.7500
5442.8750
5442.3750
5414.5000
5416.1250
5373.6250
5357.3750
5392.2500
5399.6250
5344.7500
5338.0000
5358.2500
5363.1250
5301.6250
5319.3750
5339.0000
5281.2500
5251.6250
5291.3750
5243.1250
5235.2500
5229.5000
5258.1250
5238.7500
5238.6250
5193.5000
5221.3750
5242.2500
5195.5000
5139.1250
5164.5000
5194.8750
5156.2500
5125.3750
5158.3750
5143.1250
5139.5000
5102.1250
5108.3750
5090.5000
5068.2500
5062.1250
5073.7500
5052.3750
5047.1250
5032.5000
5047.8750
4948.5000
5019.5000
5016.2500
4926.1250
4967.6250
5025.0000
4943.2500
4955.8750
4928.7500
4914.6250
4915.5000
4922.6250
4874.2500
4860.6250
4847.0000
4887.3750
4881.1250
4874.0000
4853.3750
4847.0000
4795.0000
4818.6250
4764.6250
4841.2500
4819.5000
4778.6250
4761.7500
4747.6250
4745.1250
4728.2500
4754.6250
4753.2500
4709.6250
4734.8750
4674.6250
4675.8750
4653.3750
4711.8750
4701.6250
4641.7500
4655.2500
4623.1250
4610.7500
4637.3750
4590.6250
4611.2500
4599.0000
4574.1250
4594.0000
4579.6250
4547.5000
4495.1250
4544.8750
4512.1250
4490.8750
4473.6250
4484.6250
4465.6250
4481.0000
4412.2500
4458.6250
4389.0000
4436.1250
4450.6250
4367.0000
4358.1250
4404.3750
4347.6250
4346.2500
4368.0000
4297.8750
4305.2500
4297.3750
4284.8750
4273.2500
4254.8750
4263.6250
4289.7500
4277.8750
4264.7500
4243.2500
